year	fsc_catch	comm_catch	total_catch	escape	total_run	ER	age.3_rec	age.4_rec	age.5_rec	by_recruits	RS	cm_fry_yr	cm_fry_lag	pk_2yr	pk_3yr	pk_avg	SST_pine_yr	SST_pine_sp	NPGO_2wint
1972	NA	NA	NA	32500	32500	0	6481.544937	38599.97727	4896.299653	49977.82186	1.537779134	0	0	199.0080226	279.1204321	239.0642273	-0.696351498	-0.791112647	0.798500537
1973	NA	NA	NA	85000	85000	0	0	66288.36454	12527.93821	78816.30275	0.927250621	0	0	279.1204321	234.0968415	256.6086368	-0.906488485	-1.122134152	1.86321135
1974	NA	NA	NA	55000	55000	0	2259.830609	17725.11782	22037.13368	42022.08211	0.764037857	0	0	234.0968415	319.9023766	276.999609	-0.681689399	-1.015897593	1.249270341
1975	0	58508.99208	58508.99208	45000	103508.9921	0.565255162	601.7786914	41367.95271	10831.46417	52801.19557	1.173359902	0	0	319.9023766	244.4852059	282.1937912	-0.335803553	-0.388424475	0.504466636
1976	2090	51543.28408	53633.28408	30000	83633.28408	0.64129114	3479.547424	55962.56488	25051.99212	84494.10443	2.816470148	0	0	244.4852059	297.883815	271.1845104	0.120634803	0.243403482	-0.737188575
1977	3875.282051	39569.21275	43444.4948	30000	73444.4948	0.591528268	4152.061266	57505.70918	11145.23378	72803.00423	2.426766808	0	77550	297.883815	223.2043036	260.5440593	-0.212515882	-0.699714797	-0.749107276
1978	4355.410256	6718.253081	11073.66334	20000	31073.66334	0.356368131	3416.180744	22290.46756	25101.22789	50807.8762	2.54039381	0	2075000	223.2043036	431.0079915	327.1061475	-0.007918907	0.072758321	-0.221840562
1979	2784.025641	46100.60817	48884.63381	18000	66884.63381	0.73087989	619.1796546	35141.71904	23275.25421	59036.15291	3.279786273	77550	2818400	431.0079915	308.7731516	369.8905716	0.328654578	0.240527138	-0.686691381
1980	5688.282051	41438.33267	47126.61472	24000	71126.61472	0.662573566	1255.061394	42671.29939	42783.16456	86709.52535	3.612896889	2075000	2132976	308.7731516	326.2901376	317.5316446	-0.245931057	-0.304230926	-0.092064694
1981	5335	40638.88205	45973.88205	40000	85973.88205	0.534742424	2770.863597	47489.31266	13646.00384	63906.1801	1.597654502	2818400	3083584	326.2901376	261.7616152	294.0258764	0.693785488	0.838537891	0.620750037
1982	2662	11392.881	14054.881	20000	34054.881	0.412712674	427.8316456	30517.42677	17121.12502	48066.38343	2.403319172	2132976	6360749	261.7616152	270.3310462	266.0463307	0.369676721	0.477704558	-0.393901047
1983	5601.897436	31314.46469	36916.36212	25000	61916.36212	0.596229508	0	48153.16412	15919.86093	64073.02505	2.562921002	3083584	8360861	270.3310462	212.1579015	241.2444738	-0.25443369	-0.186865335	-0.732847288
1984	7082.974359	16634.44284	23717.4172	45000	68717.4172	0.345144189	3566.901046	58562.34558	3648.205816	65777.45244	1.461721165	6360749	6913385	212.1579015	364.3859048	288.2719031	-0.101556978	-0.107456733	0.429174729
1985	8197.051282	32931.08923	41128.14051	50000	91128.14051	0.451322065	2274.265848	16720.94332	7064.859614	26060.06878	0.521201376	8360861	7426137	364.3859048	303.0355966	333.7107507	0.489127954	0.593564773	1.323636763
1986	4927.487179	19509.05259	24436.53977	19975	44411.53977	0.55022951	9424.53169	28063.19236	8391.173638	45878.89768	2.296815904	6913385	7449984	303.0355966	486.0193237	394.5274601	0.350634603	0.384645603	0.612240617
1987	5753.230769	33734.71983	39487.9506	30780	70267.9506	0.561962463	7653.597915	66290.27174	17355.92705	91299.79671	2.966205221	7426137	6745338	486.0193237	277.2341688	381.6267462	0.031470081	-0.18460727	-0.201546121
1988	7824.961538	39215.79405	47040.75559	30000	77040.75559	0.61059572	9440.070342	48596.59575	7948.585661	65985.25175	2.199508392	7449984	7444203	277.2341688	398.5924679	337.9133184	0.336019019	0.304720687	-0.498914711
1989	5914.897436	8878.783392	14793.68083	15000	29793.68083	0.496537535	867.7963527	19711.21986	15054.92808	35633.94429	2.375596286	6745338	7345979	398.5924679	453.748659	426.1705635	0.032333496	-0.000198668	-1.09491887
1990	4472.410256	18701.73183	23174.14209	20000	43174.14209	0.536759759	1860.184014	37333.81131	20577.08711	59771.08244	2.988554122	7444203	6772932	453.748659	434.867605	444.308132	0.73209155	1.015527138	-1.901992588
1991	10152.12179	21469.39392	31621.51572	52500	84121.51572	0.375902829	3523.26033	51027.8816	14723.20501	69274.34695	1.31951137	7345979	7191671	434.867605	424.2513281	429.5594666	0.342390319	0.71055402	-1.211598783
1992	7598.495192	18221.82397	25820.31916	41000	66820.31916	0.386414185	4815.59489	36511.19122	3913.500254	45240.28636	1.103421619	6772932	7518138	424.2513281	401.9695761	413.1104521	0.406785745	0.54883359	-1.039208546
1993	5188.533654	9518.237526	14706.77118	15000	29706.77118	0.495064613	3445.628161	14784.33429	9666.056846	27896.0193	1.85973462	7191671	6692459	401.9695761	443.5715796	422.7705779	0.60316994	0.627077008	-0.972836612
1994	958.8830128	30306.88836	31265.77137	25000	56265.77137	0.555680134	10870.83404	23970.27342	4302.899523	39144.00698	1.565760279	7518138	6788026	443.5715796	501.0739726	472.3227761	0.466851581	0.805930364	-0.657690616
1995	5450.55609	16453.54288	21904.09897	55000	76904.09897	0.284823556	2262.11872	15946.03941	4778.733482	22986.89161	0.417943484	6692459	6626678	501.0739726	381.8192568	441.4466147	0.986166059	0.614366589	0.544553283
1996	3769.11859	6256.88239	10026.00098	45000	55026.00098	0.18220479	6834.016889	11850.49395	8612.871186	27297.38202	0.606608489	6788026	6613988	381.8192568	401.8196412	391.819449	0.811593707	1.055150794	1.515780517
1997	5862.700321	4575.634986	10438.33531	20000	30438.33531	0.342933843	1118.352875	21358.5416	14180.77411	36657.66859	1.832883429	6626678	6521216	401.8196412	382.8857158	392.3526785	-0.340698166	-0.447781167	1.885861292
1998	2273.49359	3852.095437	6125.589027	30000	36125.58903	0.169563713	2015.644792	35166.04942	7548.433381	44730.12759	1.491004253	6613988	6356877	382.8857158	466.3283391	424.6070275	-0.229776989	-0.186112647	2.080693375
1999	1182.996795	899.9590253	2082.95582	25000	27082.95582	0.07691021	3318.684659	13495.68392	7233.82658	24048.19516	0.961927807	6521216	6466673	466.3283391	361.2705607	413.7994499	-0.266462455	-0.183406863	1.47359396
2000	2082.375	777.4994633	2859.874463	15000	17859.87446	0.160128475	1486.812636	17938.73177	2543.327659	21968.87206	1.464591471	6356877	6860828	361.2705607	594.4661709	477.8683658	-0.19963917	-0.303558883	0.958507189
2001	1736.464744	452.9843508	2189.449094	30000	32189.44909	0.068017601	1692.911058	3350.733264	1315.398111	6359.042433	0.211968081	6466673	7214605	594.4661709	344.0283572	469.2472641	0.229127954	0.447328213	0.209460249
2002	1924.282051	1074.456279	2998.738331	50000	52998.73833	0.056581315	484.4433635	5261.592443	600.5111859	6346.546992	0.12693094	6860828	6890772	344.0283572	548.7740497	446.4012035	0.1330647	0.283484127	-1.388312385
2003	2033.102564	2726.567783	4759.670347	18000	22759.67035	0.209127385	119.5816464	486.9009615	132.3336538	738.8162618	0.041045348	7214605	6599170	548.7740497	328.1716624	438.472856	0.353696304	0.594317461	-0.559732763
2004	1186.307692	849.1474359	2035.455128	25000	27035.45513	0.075288362	308.370609	992.5024038	1634.492885	2935.365897	0.117414636	6890772	7327717	328.1716624	657.1627969	492.6672296	-0.083237137	0.124801332	0.594530293
2005	520.6442308	221.1925785	741.8368092	6000	6741.836809	0.110034821	198.5004808	2724.154808	1012.533333	3935.188622	0.65586477	6599170	6772081	657.1627969	407.2142707	532.1885338	-0.334159717	-0.355924475	1.458195254
2006	624.7435897	191.4102564	816.1538462	6000	6816.153846	0.119738179	181.6103205	1417.546667	419.3607692	2018.517756	0.336419626	7327717	7100212	407.2142707	653.762543	530.4884068	-0.642618361	-0.878881464	0.743178703
2007	344.3365385	78.66666667	423.0032051	1200	1623.003205	0.260629926	101.2533333	1239.849231	583.775	1924.877564	1.604064637	6772081	7513065	653.762543	435.5747755	544.6686592	-0.589517801	-0.89098871	1.366653502
2008	361.4903846	61.84615385	423.3365385	900	1323.336538	0.319900892	164.0976923	3191.303333	850.071266	4205.472292	4.672746991	7100212	6008814	435.5747755	577.8224288	506.6986022	0.125321269	0.146763697	0.863163312
2009	636.1810897	404.0769231	1040.258013	3500	4540.258013	0.2291187	116.755	1078.139167	917.2741026	2112.168269	0.603476648	7513065	4286847	577.8224288	355.8470816	466.8347552	-0.390050128	-0.471596518	1.48031482
2010	164.974359	66.35897436	231.3333333	2300	2531.333333	0.091387938	145.1341186	532.6107692	715.7215385	1393.466426	0.605854968	6008814	6872727	355.8470816	549.4208599	452.6339707	-0.449197798	-0.608370711	0.350727235
2011	91.53846154	231.7692308	323.3076923	1500	1823.307692	0.177319327	1509.063846	10974.39692	1861.471458	14344.93223	9.563288152	4286847	4204007	549.4208599	432	490.7104299	0.203397775	-0.005727199	-0.25052841
2012	187.6025641	704.2307692	891.8333333	3000	3891.833333	0.229155068	238.5738462	5827.215	1464.125299	7530.332672	2.510110891	6872727	6679176	432	513	472.5	0.663765056	0.197702388	-1.395636442
2013	63.0625	510.2820513	573.3445513	1500	2073.344551	0.276531246	404.6677083	3616.055625	2309.079271	5659.533083	3.773022055	4204007	6850294	513	701	607	1.685334802	1.736474719	-0.196356519
2014	303.7179487	155.2307692	458.9487179	2500	2958.948718	0.15510533	466.0947172	5702.899262	1426.255096	8855.73579	3.542294316	6679176	5184571	701	639	670	1.49386003	1.70601136	-0.86160635
2015	286.3076923	448.3846154	734.6923077	11194	11928.69231	0.061590348	735.0802904	3522.52486	2558.449768	4490.118003	0.401118278	6850294	5285914	639	315	477	0.710058413	1.08445587	-1.907609233
2016	138.8669872	1014.487179	1153.354167	6940	8093.354167	0.142506326	0	8963.687799	1968.571429	10932.25923	1.350769904	5184571	5124114	315	280	297.5	0.86911656	0.643111624	-2.251447404
2017	132.4551282	189.8205128	322.275641	5224	5546.275641	0.058106676	NA	NA	NA	NA	NA	NA	NA	NA	NA	NA	1.426800094	1.270595401	-1.757827508
2018	NA	NA	1312.058824	7435	8747.058824	0.15	NA	NA	NA	NA	NA	NA	NA	NA	NA	NA	1.437352778	1.024346451	-0.837655654
2019	NA	NA	804.8189417	4598	5402.818942	0.148962782	NA	NA	NA	NA	NA	NA	NA	NA	NA	NA	0.832187739	0.864199078	-1.4073984
2020	NA	NA	1443.703052	8248	9691.703052	0.148962782	NA	NA	NA	NA	NA	NA	NA	NA	NA	NA	NA	NA	NA
